 

111

’ 7. 011031, 6610 6113666163 661111, (16111011111111, (lammam, Ο61111111,Ρ1111,ιηιιι,ιιιυκο·
flamma, 11 111161 1131101166 61, 11011111, 61111011 11111163 6 601111 116 γΗ11163-ζῖ2ξ3ἶζῃῐζξξζζζ
1011, (6), 61111011· 6631, 111111, (B) ffinssyT‘b: 31111 1110116ἱί 116 11111111, 11 ⁰⁰¹¹ (³)-
6366360111, 11111, 116 3363631011. Tim, 1311066111, (2 ame 11361, 01111 66116·

’ 116 66 6306111311, 11 6116161661 631111, 116 11311111, z> 6113663 6113360111, (1)

1111111611, 61116 116 10111163. 11111, 113111, 113 61161111, 11611116. roam ,116 ca-

11111, 63111, 6113110 60111, 06113611, 60361616, 6 61111611, 113111, 11363161 1131,

061, 10111, 116 xoqy 1166660 6311666ς 6311 (11) cymam, 111161, 11011111,

61111, 1111113 0116111, 6311011061, 60611 36363, ,1111110 113 6111111611)1 6116601111·

6310 Ρ1111116111, 6116611611ε 061, 11011111, 61, 6061161611, 6161111, 113110 6111.

113 Ι17110, 6 11366 011, 6611111, 1131101066, 6066661111, 61136611, (6) 0111311-

smum 661111. Hu 61, 611111, 1111 61, 11111111, 3361113 11 1111116010 110110663-

11111 (m) H'Bey'rb 61166611616611 (3 ); 6611010 11116111, 6631, 6111166661,

11611, 6631, 11611010 0666616616, 60611010 6311113611 (11). [fluo 611111, 666113

eyn, 6 6116611111, 6 606111, 110613 11 63111, 11011166)1 (i) 111113116ῑ n 11311,

11111, 6 13011, 11110116 1131101161 6011, 06113611, 1101161116. Α 631, 66111, 116ο

nem„ 61116 11111, 6 Bon, owe-rie 33 10 11363111, 1110 61161111, 11611010

1111660 11 6636116666110 1131131111131111. Το1116 CA 1110111611, 1133111611, 11 061,

cem> sspaslec'rssy. Bcema 1111361111, 11 61131111 61116111, ,10613 61136611661111,

1111661161, 111, 6011113111. Α 1111161611, 61, 10111, 63111, 1111611, 1116666 11611,
1136111061, 1161161611, ( 11 ), 111111, 6060666111, 1131101061, 6313161316, ,11660 11,

113611 6611616, 61111, 6631, 6116111166] 606111, 3360111116. Α1116 11066111, 11111311,

Bomio 611310660661116, 111663 6611, 1111361111 0111311316.

8. C'b 1136666166 (1113 6116116311, 1060111111, z) 11113 1061166111, (11)ξῖξίῐέ101ζῑωξὲ“ζζ
6116111161, 6061116116 6611, 1161131311, 1116111, 1161116 33601611, 11311,; 1111060611111111111Ῐηω
11066111, 661116 1131133316. Α116 31116 661 1101113 111663 661110 11311, 11111, ζζζζζᾙζοωωίξξῖῗ
11366616, 11061611, 6060111, 611116 111, 1161111, 1060111116. (366611611110 36111110
113111, 1066063111, 6611, 633111, 6113661111οω pau-im: 110 101111, ι110 063
36111111 6611, 661113 Τ31311611011131 63110111( nomes-mena (11). A Τ313111,1
eyn 61, 1136111111, 6116666611, Pycssiii 11311011, 66116110 113131111131111, 11
,11010 6306661361 11 33113111, 1010 113111, 1066013111, 6011, 1111311, upa-

sse,u¹y npwmuy cyuporb Τ313110111. Α 31, 6311111 [iambum emy

(3) npwnvcauo: «consilio et patientia »‚ 06aynanmn 11 1101691111611111.-6., 116
ynorpem-wm-w„ 6631, amioum-r.. majana—A. nyc1·1‚.-e., 11113666, 11113-
61136. upum—w.. aenouopm-a , 661301 «niu-yffi npecrynmu» -11., nu 113
nono 116 mmm-m, 116 uanum—i„ 61, 6331111111οΜ 1., cnepxn, nysa-sun -11 , 61‚1.10:
« ,1331316 ».-.1., 6066160111106110. -111., 6663116116, 31131111166611611113-6., 110111111116113.

