19⁶2
1113, 33631 nxz, o'rssepnym, 011» 330306113133, 3303133133, 3 30111363311111 -
3331. Χο11131, 631 031, 1111033313ιῆ 311313 33631 3311031, Pycniii 131130 110-
1113311 Ιὶ31311 306313313ῑ 3 Pycrcoe 3113333130 33 6111111 06333333 Τ3131131 3
Η111111131. ,211033 303 1330 3111113113 ( 3 ) 3 11031111133313 u 1113111333 111133 311-
10111, 3131103310 1111111333 611111 63113 11113311313331 (6) 6331» 3313113313. 51³1.
33 1333013 330310 33 311113 3331111, 33 1033131331, 3110 1131111310 111133 011, eea„
131, Aaliimy 3 31, Ε331111 3313 1133311οε 3133 Ρ31113303 3113333130 3313 3111330
63113 3333131113 33 3331331, 331111, 33133 30 3303113313 31130331 3 eme 33
6113311» 311110ιό 33111)1 11333010. A 33 631 nam, Pycnifi 11311031, 06333333
Emaii: 63130 631 Ρ113303 3113333130 1133110 Ρ311330111Υ, 31113 33 3 Mune
013 3310. ι13110311311331) 3 6330110113 311313 306110 3311111313.

131> (11163113 upe- 17. 33 33313111) 3113111333 6333113330 < Β ) CA 061111131011) 31033, 303 11033-

cwncfflnpffl'mw» 3111131 063 (3363113, 3 30311113οΤ1, 131110 3311333313 303313 0311101·3,’ 3 ,
333313 1033033130 333 33311 3 33311. Α33 331, 3113130 10301133131133111331)
61133 ( r )‚ Δο313 3 1111333010 1133 31, (3363113 63113 113313311330 1303 npe-
3331313111 1131110 1003033130. 03131310 11333333 1111333331, 3 3110 33331 11113-
1101113331οι [ἷο11333333 33333, 333 331, (1363113 3113103311, 1330 cas 3313
1113013333, 33 eii 31. 3313 111133 3333333. Π 31131, 3311113 1111311031 3333113
33 30603333 331, (3363113 311363133313, 111111, 111 10331131 3 33133333 110·
3131011).Μο331) ananiam, (3) 3031113113 631 63130 m, Cnfinpn 33 Η33331333,
33 Ᾱ3ΒΥΡΜ3, 3 33 33311113 31311333 33113 331113313ε 3 31, 1011103331311 33
31, 1111333131, 311033133031, 303333 1111363133 3333133 330 313 113133 113 1113113
11113303333313. - Bw, 1111303 31131113 33 83033303 3311311 m, Π331111 6313
1113 (e ) 113 31330 31133333 11033, 33131133333 31113 Η3031131 1103033130 31,
Χ1133301111 3113310, 1111033113 10, 33631 11111331, 030 3113333130 11033 33010
0633313 . Χ11333111 311333 3313 013113333ε Eme 3113311» 30313 31133 3 30 330·
31111, 111133131103333 ΗΡ333313031ῑ 3 1111313 nxz, 11011131, 11111313.

18. Bfflue 111363 3013 611333; Aa 333033 33 3333331113 11313 31, 331133
333 30 1130133113 31131133 3113111111), 3 33 1133331111, 3111333311. H 33
33 3333133331, 1103333 113 113333 1311313 33 3330 31131113; no 33303333133
[1311333 33110 11111310, 3 306110 1131111333313, 11010111» 1010 33331331 11033331
33303313 33 31111031) 11111311. Α6ο 310 311331311030 11333110013113311
11133, 1133330 33 31333311».

l

.-

(a)Aypau1<ifl.—6., ,anonymeamn—n„ wemmam-n, 30331331, σιὼ-3., uo
noeny 1111113110, leam, 111311 mmmmm-⁶3„ 1103311 roro 3333.

