58

110600 3311000013010; Tamo 0011, 0 00110011, 5031111, 11 0001111063 01101111·
00011311, 0 000 110600 000 0011, 31100100 000110 030010 0 [1001113011. A
11111 1111011, 110603 330000013010; 1300 0011, 110313 60111, 03300101, 06011101,
31063111», 06011300, 101300. Mm 31113 00 000001010010 Bora mmoom,
xoqem, 11301, 0013000011, 110600 3311000013010, 11 01100011, 11301, 6113010-
nmx'h. —Bfflm 0011, 000111, 03Μο 03 0111110 1106001 0 1103110001 upana:
1100 0101111Χο 001,Το 06100011, 011010 ,10600 011010.-ΙΙ301, Το3001, 1101113-
601110003 011110οΓ0 0000101, Ᾱο00011001, 10000100, 0 00 3311000 Metu, 100
01, 00110 001130301ος 00110 0011, 111, 11000 penem: «Πο000 0011 001101
000 6011011, 1131, 60110 000Μο 1130000 03 00001011, 10000110031Έ, 0 ’101 33
MA ; 6011011, 110 003110, 0 0000010 111111 1’0 00100311 (3 ). >³ — Epam,
1113001100οκἰῇ Αο101001, 110 000001, 00001300011001, 00110 0011, 01000311οε
« 5011011, 1101113 mm 111, 03111, 0100100111, 11 3300011110 03101, 1110 00 60110,
ι110 601 60110 003001100010 0 1106000011 3311011001, 0000010000; 000 Bm
0110 000011110Ῐο 113100 3311003010 (6), 0 33 0000110000 60110 0111100010.»-
Α 11301, Χ3101301, 0001000311, 0011, 100000111ε «Hm, 110 11000 13110
060310311, 01130310100100 ( B ), 0110 nii& 30310, 00 000, 00 03001100 61111,
cie 1111110. Τ3110111, 110110 60111, 11301, 11011110, 11311003 611111, 0301, 010-
ν111111, ( Γ) 011311, 11300, 113 (nm, 60101, (11) 001113110011000.» Tamo 000
11011310 00110 ,10600 0 1111311000. Π mm 311113 00 0010110111, 03000 (0),
11011001, 0300110010 613010110011, 00 11010 33 000010 11100013 000000060010,
110 0 0001111 0060 3311000013010111, 0111100101, 0110110011, (111).
0011010, sano- 2. [(000110, 110010 0001110 331100001300111, 0003011, 0100101110, 0011,
noemma, '³⁶' 13011110 Cunna, Cnaeenie 110010, 11 060100 1100000000 110600 0300110010
011010 00001011, 0 0001111063 0300110311. Μω 31013 0000000600 0 0000101οο
00000011113000, 01, 0301001, 1103000100 ι100011, ι110 00 60110, ι110 601
601110 0000010000 130111ἰο0 6113011, 1101000110 0030011110, 0 0300110000 110600.
Α 33 111101, 00 000600 0010 0310ἰο 33110001 0 0013001, 111, 00100 001000
1101100 0603013001,; 0 0600110010 60111, 11011οΜ1, 0 00000000001 0 00000-
10000101) 03300001, 0 0301311311, 0000000030111, (3).
vezano eynpon² 3. Πο0030 0 0300001311 011, 11011111, 0006011001, 0011, Πο30,13. Cixo
Tmpancrny. 0006011000 mm xoqem, 0301, 13110 11311) 11 0013000011,; aa 00 111, 0110·
0001, 000111, 1103100100 00013 0110 110113 0003000011, 00 6011011, 011 noma
06011011». 0006010 11011οΜ10 113 00 0003000010 060110, 0601101 00 quanm:

(3) Yam-pamm& erm—6.. 6pocm-e.—n.‚ nomm, ananie apameam—r„ 11311010
fl camb 61›1 menan—A.. 00110 601 fl 601310-οῚ 110 01100310 o6paauy.-m.‚ 113-
·13110 1130310303 0030110 cb lto—10 manofi, ᾗ 4.-3.. ram, 1110, § 5.

