97

7.) Α y 113111, aze Η13311331, n cie 3013313311, 11, 3133313331, 3313
313133 113 1131310103, 011, 113333031331, ι1301111331, 1001331», 3113313111, 3
11331131113111ε 30 1311 03 1103331311, 013111, 1330 ca„ 1103313311, 3 3313
3 3031». Π m, 11333031, 1103311, na 3011313 1133311331. ss 03113 6131131011,
33313313 3 3333331113 (3) 3331011, 3300 11300313.

8.) Y Β3311031, 0333613 ck. 063331331011, 6331, 1133031, 6331, 13311031, 13313313 nauem.
6331, 11110333, 6331, 113303, 3 6331, nonnis& 1303313. 3333311331, 3 33-
33333113 00 0303113 3033133333, 3 01, 3031111, 33333333331, 3031133031,
3331331, 333 31, 331333, 3 31, 3330313113 1113331113, 11033311, 31, 11333033,
3 11333311, 011, nona 633100303331113 33313 3113331113, 33313333 3131113131
3 1103333331, 03 303011 3333331011, 3 6331, nona. 3 6331, nemzi». mmmm:
3 111111, 3030311311, 033363. Π 03113 6331, 3133113, 3 6331, 1113110133, 3
6331, 1311113, 311110 110,Χ330113303γ 33313311, 0303, 1331131313.

9.) Α33 cie 3011, 13301030 (6) y Bflaxossffi, 330313 3 y numx'b 311-
1103111, 33303031, 3313 33310 33 30313311, 3111131113 (Β ), 3311 1111133311,
moero 3311303 113 3330 31, 3331110 110 3 31, 3113313331ε 111003 303311,
110 Ᾰ303Υ 1100310131, (Γ). 333331, 'roro ofipssTamTcA y 83311031, 60-
13113 31033, 303 3 03133 33 3133013 (3) 3033131011, 36013131, 3133-
113131, (Β), 3 30 03033 0133313 00133331011, 0133313, 3 1111333313»,
01311113 (3), 33-10 33 03. ι1333111, 300313 3601331, 3133311331, (Β).
Α3313 0333311331, 3331, 3330 3063033333311, 3011, 30333331, 30 0113-
neuim 3 1133033033 [1301333110 111330 ἶ110 3003633311. Τ33033 60 306-
3033301331 113 13031311, 61311, 103330, 33613 ,030 331110 3 31131110 (13)
61330 31, 11330331.

10.) ‚llyqifi 3 110006333113 3011, ΡΥο3ἰῖ1 33110111,; 33 311 333113 313133 Pycsiffi mom„
3360 3333113333 1111011, 11033333 30 0303113 myffiy 1133113011, 33333033
uocarat 11311, 111, 3113333111, 11311, 31, 3331110. ,

11.) Π (zeii apyrifi 333031, Pyenifi 3011, 1100063331, me: eme 333-
3330111)1 (3) 01113 311011, 33315330 (11), 3333311, 03033 303333 (i):
3 060133311, 33 33313333311, (3) 3333333331», 33613 10 nin 33331. Ceii
3330111, 1311 311311 613 61331, 30303331, 3 00331333 333 133033 00333
3011, 3333360333 (3). Paaym, 60 33133113 3133 mymy 3 133311 31,
63333031, 31133 33333031, 3133311, 61311, 3330111. Ante 1111011, 3030330

(a) Modolana—6.. 11333133 613301 «mutuom—1³.. 11331333 613301 «Mamm,
&haltamma—120, 3333331313 3.-3.. 1133 nemum—e.. cynnama-nc„ qyncrnmenuo 11
animm—3.. 11333133 613301 «31133111101330.-3., ue 33303110.-ἰ., 3333331311,
cuono amun-x„ y6‘hnman, canonum—a.. nepnaymna.

‘1'’

